 -180.0000         0    0.5000         0
 -175.0000         0    0.5000         0
 -170.0000         0    0.5000         0
 -165.0000         0    0.5000         0
 -160.0000         0    0.5000         0
 -155.0000         0    0.5000         0
 -150.0000         0    0.5000         0
 -145.0000         0    0.5000         0
 -140.0000         0    0.5000         0
 -135.0000         0    0.5000         0
 -130.0000         0    0.5000         0
 -125.0000         0    0.5000         0
 -120.0000         0    0.5000         0
 -115.0000         0    0.5000         0
 -110.0000         0    0.5000         0
 -105.0000         0    0.5000         0
 -100.0000         0    0.5000         0
  -95.0000         0    0.5000         0
  -90.0000         0    0.5000         0
  -85.0000         0    0.5000         0
  -80.0000         0    0.5000         0
  -75.0000         0    0.5000         0
  -70.0000         0    0.5000         0
  -65.0000         0    0.5000         0
  -60.0000         0    0.5000         0
  -55.0000         0    0.5000         0
  -50.0000         0    0.5000         0
  -45.0000         0    0.5000         0
  -40.0000         0    0.5000         0
  -35.0000         0    0.5000         0
  -30.0000         0    0.5000         0
  -25.0000         0    0.5000         0
  -20.0000         0    0.5000         0
  -15.0000         0    0.5000         0
  -10.0000         0    0.5000         0
   -5.0000         0    0.5000         0
         0         0    0.5000         0
    5.0000         0    0.5000         0
   10.0000         0    0.5000         0
   15.0000         0    0.5000         0
   20.0000         0    0.5000         0
   25.0000         0    0.5000         0
   30.0000         0    0.5000         0
   35.0000         0    0.5000         0
   40.0000         0    0.5000         0
   45.0000         0    0.5000         0
   50.0000         0    0.5000         0
   55.0000         0    0.5000         0
   60.0000         0    0.5000         0
   65.0000         0    0.5000         0
   70.0000         0    0.5000         0
   75.0000         0    0.5000         0
   80.0000         0    0.5000         0
   85.0000         0    0.5000         0
   90.0000         0    0.5000         0
   95.0000         0    0.5000         0
  100.0000         0    0.5000         0
  105.0000         0    0.5000         0
  110.0000         0    0.5000         0
  115.0000         0    0.5000         0
  120.0000         0    0.5000         0
  125.0000         0    0.5000         0
  130.0000         0    0.5000         0
  135.0000         0    0.5000         0
  140.0000         0    0.5000         0
  145.0000         0    0.5000         0
  150.0000         0    0.5000         0
  155.0000         0    0.5000         0
  160.0000         0    0.5000         0
  165.0000         0    0.5000         0
  170.0000         0    0.5000         0
  175.0000         0    0.5000         0
  180.0000         0    0.5000         0