0.000 0
2.800 1189.51 
4.815 1191.64 
6.542 1202.77 
8.269 1171.49 
9.996 1113.62 
11.724 1049.31 
13.450 974.63 
15.176 908.74 
16.904 868.87 
18.344 845.51 
20.498 775.15 
22.232 735.79 
23.959 691.12 
25.686 654.85 
27.413 625.88 
29.141 593.32 
30.868 580.97 
32.595 566.23 
34.323 548.24 
36.050 529.65 
37.778 510.31 
39.505 494.68 
41.233 477.51 
42.873 460.93 
44.601 441.78 
46.328 425.33 
48.055 401.38 
49.783 385.14 
51.510 365.95 
53.237 346.94 
55.051 326.32 
56.779 310.27 
58.506 291.66 
60.233 272.43 
61.961 256.95 
63.688 237.77 
65.354 221.77 
67.081 203.15 
68.808 186.77 
70.535 171.66 
72.324 153.75 
74.052 140.05 
75.779 124.35 
77.459 108.93 
79.186 95.18 
80.961 82.34 
82.688 68.28 
84.377 54.47 
86.143 40.65 
87.871 25.20 
89.166 15.42 