    0.5000    0.0046
    1.0000    0.0133
    1.5000    0.0291
    2.0000    0.0567
    2.5000    0.0997
    3.0000    0.1695
    3.5000    0.2666
    4.0000    0.3681
    4.5000    0.4255
    5.0000    0.4367
    5.5000    0.4372
    6.0000    0.4304
    6.5000    0.4176
    7.0000    0.3998
    7.5000    0.3776
    8.0000    0.3511
    8.5000    0.3209
    9.0000    0.2872
    9.5000    0.2501
   10.0000    0.2096
   10.5000    0.1656
   11.0000    0.1182
   11.5000    0.0674
   12.0000    0.0135
   12.5000   -0.0439
   13.0000   -0.1044
   13.5000   -0.1677
   14.0000   -0.2325   