     0.00    9.11
     0.10    9.26
     0.20    9.37
     0.30    9.38
     0.40    9.08
     0.50    9.17
     0.60    9.39
     0.70    9.04
     0.80    8.69
     0.90    8.75
     1.00    8.72
     1.10    8.91
     1.20    8.65
     1.30    8.55
     1.40    8.73
     1.50    8.74
     1.60    8.58
     1.70    8.75
     1.80    8.39
     1.90    8.72
     2.00    8.47
     2.10    8.84
     2.20    9.11
     2.30    8.98
     2.40    8.77
     2.50    8.59
     2.60    8.83
     2.70    8.83
     2.80    8.89
     2.90    9.39
     3.00    9.42
     3.10    9.62
     3.20    9.51
     3.30    9.18
     3.40    9.23
     3.50    9.01
     3.60    9.09
     3.70    9.10
     3.80    9.61
     3.90    9.66
     4.00    9.70
     4.10   10.04
     4.20   10.15
     4.30   10.07
     4.40   10.28
     4.50   10.25
     4.60   10.13
     4.70   10.20
     4.80   10.23
     4.90   10.02
     5.00   10.01
     5.10   10.66
     5.20   10.26
     5.30   10.76
     5.40   10.83
     5.50   10.74
     5.60   10.32
     5.70   10.21
     5.80    9.97
     5.90   10.86
     6.00   10.62
     6.10   10.55
     6.20   10.89
     6.30   10.66
     6.40   10.82
     6.50   11.02
     6.60   10.91
     6.70   11.00
     6.80   11.33
     6.90   11.03
     7.00   10.70
     7.10   10.77
     7.20   10.87
     7.30   10.80
     7.40   10.45
     7.50   10.89
     7.60   10.15
     7.70    9.70
     7.80    9.53
     7.90    9.55
     8.00    9.83
     8.10    9.78
     8.20   10.01
     8.30    9.60
     8.40    9.41
     8.50    9.40
     8.60    9.69
     8.70    9.70
     8.80    9.49
     8.90    9.35
     9.00    9.34
     9.10    9.19
     9.20    9.05
     9.30    8.80
     9.40    8.51
     9.50    8.80
     9.60    8.65
     9.70    8.57
     9.80    8.46
     9.90    8.67
    10.00    9.05
    10.10    9.00
    10.20    8.62
    10.30    8.52
    10.40    8.44
    10.50    8.67
    10.60    8.51
    10.70    8.74
    10.80    9.17
    10.90    9.16
    11.00    9.32
    11.10    9.02
    11.20    8.82
    11.30    9.27
    11.40    9.37
    11.50    9.33
    11.60    9.42
    11.70    9.22
    11.80    9.67
    11.90    9.61
    12.00    9.82
    12.10   10.03
    12.20    9.91
    12.30    9.97
    12.40    9.82
    12.50   10.07
    12.60   10.08
    12.70    9.98
    12.80    9.89
    12.90    9.77
    13.00    9.44
    13.10    9.65
    13.20    9.99
    13.30    9.64
    13.40    9.61
    13.50    9.44
    13.60    9.43
    13.70    9.68
    13.80    9.59
    13.90    9.44
    14.00    9.72
    14.10    9.79
    14.20   10.33
    14.30   10.16
    14.40    9.73
    14.50    9.65
    14.60    9.57
    14.70    9.90
    14.80   10.35
    14.90   10.30
    15.00   10.07
    15.10    9.87
    15.20    9.78
    15.30    9.73
    15.40   10.02
    15.50    9.73
    15.60    9.52
    15.70    9.72
    15.80    9.65
    15.90    9.49
    16.00    9.71
    16.10   10.04
    16.20    9.94
    16.30    9.54
    16.40    9.58
    16.50    9.37
    16.60    9.19
    16.70    9.37
    16.80    9.59
    16.90    9.78
    17.00   10.23
    17.10    9.77
    17.20    9.72
    17.30    9.61
    17.40    9.40
    17.50    9.01
    17.60    9.10
    17.70    9.10
    17.80    9.41
    17.90    9.55
    18.00    9.67
    18.10    9.51
    18.20    9.57
    18.30    9.39
    18.40    9.95
    18.50    9.84
    18.60    9.39
    18.70    9.35
    18.80    9.51
    18.90    9.83
    19.00    9.56
    19.10    9.19
    19.20    9.89
    19.30    9.99
    19.40    9.72
    19.50    9.79
    19.60    9.86
    19.70    9.74
    19.80    9.94
    19.90    9.97
    20.00    9.47
    20.10    9.99
    20.20   10.01
    20.30   10.31
    20.40   10.57
    20.50   10.40
    20.60   10.24
    20.70   10.25
    20.80   10.53
    20.90   10.47
    21.00   10.54
    21.10   10.62
    21.20   10.72
    21.30   10.65
    21.40   10.96
    21.50   11.12
    21.60   10.86
    21.70   10.97
    21.80   11.28
    21.90   10.77
    22.00   10.74
    22.10   10.40
    22.20   10.39
    22.30   10.84
    22.40   10.39
    22.50   10.52
    22.60   10.28
    22.70   10.41
    22.80   10.58
    22.90   10.14
    23.00    9.90
    23.10   10.08
    23.20   10.39
    23.30   10.56
    23.40   10.09
    23.50    9.91
    23.60    9.78
    23.70   10.07
    23.80   10.14
    23.90   10.14
    24.00    9.90
    24.10    9.94
    24.20    9.62
    24.30    9.47
    24.40    9.61
    24.50    9.73
    24.60    9.82
    24.70    9.60
    24.80    9.56
    24.90    9.38
    25.00    9.36
    25.10    9.07
    25.20    8.73
    25.30    9.08
    25.40    8.88
    25.50    9.32
    25.60    9.07
    25.70    8.99
    25.80    9.35
    25.90    9.36
    26.00    9.67
    26.10    9.75
    26.20    9.72
    26.30    9.43
    26.40    9.27
    26.50    9.27
    26.60    9.32
    26.70    9.11
    26.80    8.90
    26.90    8.91
    27.00    8.94
    27.10    8.80
    27.20    8.79
    27.30    8.47
    27.40    8.50
    27.50    9.01
    27.60    9.24
    27.70    9.18
    27.80    9.08
    27.90    8.87
    28.00    9.04
    28.10    8.87
    28.20    8.91
    28.30    9.06
    28.40    8.92
    28.50    8.71
    28.60    8.98
    28.70    8.86
    28.80    8.39
    28.90    8.02
    29.00    8.10
    29.10    8.00
    29.20    8.30
    29.30    8.35
    29.40    8.32
    29.50    8.05
    29.60    8.48
    29.70    8.31
    29.80    8.26
    29.90    8.50
    30.00    8.74
    30.10    8.67
    30.20    9.03
    30.30    8.84
    30.40    8.03
    30.50    8.06
    30.60    8.44
    30.70    8.53
    30.80    8.69
    30.90    8.72
    31.00    8.57
    31.10    8.44
    31.20    8.37
    31.30    9.06
    31.40    8.81
    31.50    8.74
    31.60    9.22
    31.70    9.07
    31.80    8.98
    31.90    8.78
    32.00    8.38
    32.10    8.62
    32.20    8.34
    32.30    8.53
    32.40    8.61
    32.50    8.50
    32.60    8.22
    32.70    8.17
    32.80    8.29
    32.90    8.37
    33.00    8.42
    33.10    9.11
    33.20    8.87
    33.30    8.48
    33.40    8.31
    33.50    8.65
    33.60    8.17
    33.70    7.97
    33.80    7.85
    33.90    7.76
    34.00    7.46
    34.10    7.35
    34.20    7.59
    34.30    7.66
    34.40    7.68
    34.50    7.81
    34.60    7.97
    34.70    7.91
    34.80    8.01
    34.90    8.47
    35.00    8.10
    35.10    8.10
    35.20    8.79
    35.30    8.40
    35.40    8.47
    35.50    8.27
    35.60    8.50
    35.70    7.97
    35.80    7.83
    35.90    8.23
    36.00    8.38
    36.10    8.72
    36.20    8.58
    36.30    8.73
    36.40    9.06
    36.50    8.75
    36.60    8.79
    36.70    8.74
    36.80    8.82
    36.90    8.92
    37.00    8.89
    37.10    9.13
    37.20    8.64
    37.30    8.22
    37.40    8.39
    37.50    8.38
    37.60    8.88
    37.70    8.99
    37.80    9.03
    37.90    9.80
    38.00    9.44
    38.10    9.32
    38.20    9.76
    38.30    9.53
    38.40    9.84
    38.50    9.68
    38.60    9.53
    38.70    9.27
    38.80    9.71
    38.90    9.62
    39.00    9.78
    39.10    9.60
    39.20    9.53
    39.30    9.72
    39.40    9.94
    39.50    9.87
    39.60    9.66
    39.70    9.33
    39.80    9.28
    39.90    9.62
    40.00    9.44
    40.10    9.00
    40.20    9.17
    40.30    9.51
    40.40   10.08
    40.50   10.01
    40.60   10.31
    40.70   10.77
    40.80   10.97
    40.90   11.11
    41.00   10.96
    41.10   11.16
    41.20   11.44
    41.30   11.73
    41.40   11.35
    41.50   11.40
    41.60   11.33
    41.70   11.52
    41.80   11.60
    41.90   11.56
    42.00   11.63
    42.10   11.72
    42.20   11.84
    42.30   11.92
    42.40   11.80
    42.50   11.52
    42.60   11.02
    42.70   10.89
    42.80   10.50
    42.90   10.49
    43.00   10.42
    43.10   10.56
    43.20   10.86
    43.30   10.78
    43.40   10.84
    43.50   11.09
    43.60   11.30
    43.70   10.98
    43.80   10.65
    43.90   10.43
    44.00   10.73
    44.10   10.91
    44.20   10.69
    44.30   10.61
    44.40   10.58
    44.50   10.16
    44.60   10.38
    44.70   10.72
    44.80   10.83
    44.90   10.56
    45.00   10.30
    45.10   10.88
    45.20   10.48
    45.30   10.94
    45.40   10.95
    45.50   10.67
    45.60   10.73
    45.70   10.69
    45.80   10.92
    45.90   10.88
    46.00   10.45
    46.10   10.22
    46.20   10.01
    46.30    9.96
    46.40    9.98
    46.50    9.90
    46.60    9.51
    46.70    9.66
    46.80    9.91
    46.90   10.03
    47.00   10.33
    47.10    9.70
    47.20    9.73
    47.30   10.01
    47.40   10.44
    47.50   10.17
    47.60    9.76
    47.70    9.85
    47.80   10.18
    47.90    9.92
    48.00    9.79
    48.10   10.29
    48.20    9.98
    48.30   10.01
    48.40    9.68
    48.50    9.97
    48.60    9.73
    48.70    9.73
    48.80    9.26
    48.90    9.19
    49.00    9.43
    49.10    9.45
    49.20    8.88
    49.30    8.90
    49.40    8.87
    49.50    8.77
    49.60    8.57
    49.70    8.64
    49.80    8.76
    49.90    8.93
    50.00    8.92
    50.10    8.69
    50.20    8.35
    50.30    8.15
    50.40    8.02
    50.50    8.24
    50.60    8.02
    50.70    8.14
    50.80    8.01
    50.90    7.85
    51.00    7.87
    51.10    7.97
    51.20    7.91
    51.30    8.75
    51.40    9.16
    51.50    8.74
    51.60    8.80
    51.70    8.63
    51.80    8.77
    51.90    8.77
    52.00    8.95
    52.10    9.45
    52.20    9.16
    52.30    8.81
    52.40    9.03
    52.50    9.44
    52.60    9.41
    52.70    9.47
    52.80    9.29
    52.90    9.37
    53.00    9.61
    53.10    9.97
    53.20   10.27
    53.30   10.48
    53.40   10.23
    53.50   10.14
    53.60   10.28
    53.70   10.16
    53.80   10.56
    53.90   10.89
    54.00   10.73
    54.10   10.60
    54.20   10.17
    54.30   10.10
    54.40    9.93
    54.50    9.58
    54.60    9.67
    54.70    9.38
    54.80    9.63
    54.90   10.17
    55.00   10.05
    55.10   10.12
    55.20   10.18
    55.30   10.81
    55.40   11.31
    55.50   11.26
    55.60   10.89
    55.70   10.80
    55.80   10.84
    55.90   10.71
    56.00   10.91
    56.10   10.65
    56.20   10.65
    56.30   10.33
    56.40   10.48
    56.50   10.43
    56.60   10.18
    56.70   10.44
    56.80   10.47
    56.90   10.04
    57.00   10.16
    57.10    9.73
    57.20    9.24
    57.30    9.49
    57.40    9.51
    57.50    9.68
    57.60    9.42
    57.70    9.77
    57.80   10.37
    57.90   10.16
    58.00   10.53
    58.10   10.09
    58.20    9.70
    58.30   10.00
    58.40   10.26
    58.50   10.29
    58.60    9.85
    58.70    9.54
    58.80    9.60
    58.90    9.68
    59.00   10.10
    59.10    9.95
    59.20    9.65
    59.30    9.81
    59.40   10.09
    59.50    9.64
    59.60    9.60
    59.70    9.89
    59.80   10.10
    59.90    9.86
    60.00    9.75
    60.10    9.85
    60.20    9.95
    60.30    9.91
    60.40   10.20
    60.50   10.17
    60.60   10.13
    60.70    9.77
    60.80    9.66
    60.90    9.32
    61.00    9.41
    61.10    9.04
    61.20    8.70
    61.30    8.86
    61.40    9.17
    61.50    9.00
    61.60    9.04
    61.70    8.93
    61.80    8.85
    61.90    9.05
    62.00    9.32
    62.10    9.35
    62.20    9.27
    62.30    9.22
    62.40    9.30
    62.50    9.79
    62.60    9.76
    62.70    9.93
    62.80    9.28
    62.90    9.10
    63.00    9.39
    63.10    9.28
    63.20    9.10
    63.30    9.00
    63.40    8.58
    63.50    8.74
    63.60    9.09
    63.70    8.67
    63.80    8.85
    63.90    8.85
    64.00    8.75
    64.10    9.18
    64.20    9.57
    64.30    9.54
    64.40    9.30
    64.50    9.17
    64.60    9.36
    64.70    9.18
    64.80    9.20
    64.90    9.14
    65.00    8.98
    65.10    8.78
    65.20    8.84
    65.30    8.90
    65.40    8.92
    65.50    8.83
    65.60    8.74
    65.70    8.35
    65.80    8.22
    65.90    8.29
    66.00    7.99
    66.10    7.95
    66.20    8.00
    66.30    7.86
    66.40    7.85
    66.50    7.65
    66.60    8.12
    66.70    8.31
    66.80    8.02
    66.90    8.05
    67.00    8.23
    67.10    8.10
    67.20    7.88
    67.30    7.80
    67.40    8.29
    67.50    8.79
    67.60    8.67
    67.70    8.56
    67.80    8.78
    67.90    9.18
    68.00    8.91
    68.10    8.40
    68.20    8.31
    68.30    7.72
    68.40    8.13
    68.50    8.26
    68.60    8.09
    68.70    8.31
    68.80    8.75
    68.90    8.85
    69.00    8.69
    69.10    8.87
    69.20    8.48
    69.30    8.78
    69.40    8.96
    69.50    8.93
    69.60    9.26
    69.70    9.46
    69.80    8.98
    69.90    9.26
    70.00    9.45
    70.10    9.28
    70.20    9.31
    70.30    8.95
    70.40    9.10
    70.50    8.94
    70.60    9.02
    70.70    9.49
    70.80    9.49
    70.90    9.16
    71.00    9.27
    71.10    9.67
    71.20    9.85
    71.30    9.66
    71.40   10.03
    71.50    9.48
    71.60    9.40
    71.70    9.19
    71.80    9.21
    71.90    9.22
    72.00    9.14
    72.10    9.06
    72.20    9.02
    72.30    9.32
    72.40    9.28
    72.50    9.21
    72.60    9.25
    72.70    9.11
    72.80    8.88
    72.90    8.68
    73.00    8.96
    73.10    8.92
    73.20    8.52
    73.30    8.73
    73.40    8.93
    73.50    8.81
    73.60    9.02
    73.70    9.32
    73.80    9.45
    73.90    8.98
    74.00    8.94
    74.10    9.24
    74.20    8.86
    74.30    8.78
    74.40    8.47
    74.50    8.78
    74.60    8.61
    74.70    8.90
    74.80    8.98
    74.90    9.16
    75.00    9.60
    75.10    9.58
    75.20    9.16
    75.30    9.49
    75.40    9.61
    75.50    9.60
    75.60    9.82
    75.70    9.62
    75.80    9.78
    75.90    9.89
    76.00    9.82
    76.10    9.85
    76.20    9.82
    76.30    9.89
    76.40    9.59
    76.50    9.19
    76.60    9.14
    76.70    8.95
    76.80    8.64
    76.90    8.63
    77.00    8.98
    77.10    8.85
    77.20    8.91
    77.30    8.96
    77.40    9.16
    77.50    9.39
    77.60    9.26
    77.70    9.19
    77.80    8.69
    77.90    8.49
    78.00    8.63
    78.10    8.64
    78.20    8.93
    78.30    8.96
    78.40    9.30
    78.50    9.40
    78.60    9.91
    78.70    9.81
    78.80    9.90
    78.90    9.98
    79.00   10.31
    79.10   10.24
    79.20   10.36
    79.30   10.57
    79.40   10.10
    79.50    9.63
    79.60    9.62
    79.70    9.66
    79.80    9.27
    79.90    9.49
    80.00    9.56
    80.10    9.38
    80.20    9.45
    80.30    9.69
    80.40    9.78
    80.50    9.46
    80.60   10.02
    80.70   10.12
    80.80    9.99
    80.90   10.11
    81.00    9.82
    81.10   10.24
    81.20   10.40
    81.30   10.91
    81.40   11.20
    81.50   11.34
    81.60   10.88
    81.70   10.69
    81.80   10.59
    81.90   10.94
    82.00   11.01
    82.10   10.69
    82.20   10.84
    82.30   10.69
    82.40   10.70
    82.50   10.65
    82.60   10.31
    82.70   10.24
    82.80   10.44
    82.90   10.80
    83.00   10.38
    83.10   10.84
    83.20   11.16
    83.30   10.99
    83.40   11.29
    83.50   11.06
    83.60   10.71
    83.70   10.82
    83.80   10.69
    83.90   10.99
    84.00   11.47
    84.10   11.51
    84.20   10.80
    84.30   10.88
    84.40   11.16
    84.50   11.05
    84.60   10.80
    84.70   10.49
    84.80   11.04
    84.90   11.05
    85.00   11.09
    85.10   11.09
    85.20   10.76
    85.30   10.24
    85.40   10.15
    85.50   10.16
    85.60   10.35
    85.70   10.09
    85.80   10.39
    85.90   10.67
    86.00   10.97
    86.10   11.01
    86.20   10.52
    86.30   10.99
    86.40   11.06
    86.50   11.28
    86.60   11.35
    86.70   10.97
    86.80   11.31
    86.90   10.86
    87.00   11.12
    87.10   11.31
    87.20   11.10
    87.30   10.87
    87.40   10.54
    87.50   10.31
    87.60   10.37
    87.70    9.94
    87.80    9.70
    87.90    9.92
    88.00    9.94
    88.10    9.77
    88.20    9.48
    88.30    9.44
    88.40    9.25
    88.50    9.22
    88.60    9.60
    88.70    9.52
    88.80    9.46
    88.90    9.30
    89.00    8.99
    89.10    9.12
    89.20    9.26
    89.30    9.78
    89.40    9.72
    89.50    9.34
    89.60    9.20
    89.70    9.37
    89.80    9.48
    89.90    9.68
    90.00    9.97
    90.10    9.94
    90.20   10.03
    90.30    9.63
    90.40    9.81
    90.50    9.79
    90.60    9.55
    90.70    9.57
    90.80    9.56
    90.90    9.34
    91.00    9.50
    91.10    9.71
    91.20    9.87
    91.30   10.09
    91.40    9.87
    91.50   10.28
    91.60   10.45
    91.70   10.31
    91.80   10.43
    91.90   10.61
    92.00   10.39
    92.10   10.10
    92.20   10.17
    92.30   10.08
    92.40    9.93
    92.50   10.19
    92.60   10.23
    92.70   10.06
    92.80   10.23
    92.90    9.75
    93.00    9.18
    93.10    9.51
    93.20    9.91
    93.30    9.55
    93.40    9.32
    93.50    9.52
    93.60    9.62
    93.70    9.58
    93.80    9.83
    93.90    9.75
    94.00   10.20
    94.10   10.19
    94.20   10.44
    94.30   10.52
    94.40   10.77
    94.50   10.44
    94.60   10.63
    94.70   10.52
    94.80   10.53
    94.90   10.41
    95.00   10.50
    95.10   10.09
    95.20   10.77
    95.30   10.81
    95.40   10.62
    95.50   10.65
    95.60   10.40
    95.70   11.01
    95.80   11.17
    95.90   10.96
    96.00   10.52
    96.10   10.68
    96.20   10.68
    96.30   11.23
    96.40   11.21
    96.50   11.21
    96.60   11.42
    96.70   11.11
    96.80   10.85
    96.90   10.84
    97.00   10.78
    97.10   10.75
    97.20   10.56
    97.30   10.39
    97.40   10.16
    97.50   10.33
    97.60   10.53
    97.70   10.48
    97.80   10.17
    97.90   10.29
    98.00   10.63
    98.10   10.81
    98.20   10.86
    98.30   11.20
    98.40   11.12
    98.50   11.07
    98.60   10.80
    98.70   10.67
    98.80   10.62
    98.90   10.71
    99.00   10.49
    99.10   10.70
    99.20   10.68
    99.30   10.71
    99.40   10.54
    99.50   10.68
    99.60   10.37
    99.70    9.96
    99.80    9.97
    99.90    9.68
   100.00    9.92
   100.10    9.50
   100.20    9.84
   100.30   10.06
   100.40   10.95
   100.50   11.09
   100.60   10.94
   100.70   10.81
   100.80   10.68
   100.90   10.42
   101.00   10.29
   101.10   10.36
   101.20   10.33
   101.30   10.64
   101.40   10.11
   101.50    9.70
   101.60    9.42
   101.70    9.83
   101.80   10.02
   101.90   10.27
   102.00   10.33
   102.10   10.39
   102.20   10.21
   102.30   10.65
   102.40   10.74
   102.50   11.02
   102.60   10.87
   102.70   11.03
   102.80   11.70
   102.90   11.51
   103.00   11.46
   103.10   11.25
   103.20   11.10
   103.30   11.60
   103.40   11.83
   103.50   11.83
   103.60   12.27
   103.70   11.73
   103.80   11.34
   103.90   11.49
   104.00   11.47
   104.10   11.72
   104.20   11.92
   104.30   11.87
   104.40   11.84
   104.50   11.50
   104.60   11.27
   104.70   11.50
   104.80   11.45
   104.90   11.44
   105.00   11.81
   105.10   11.71
   105.20   11.64
   105.30   11.42
   105.40   11.56
   105.50   11.36
   105.60   11.31
   105.70   11.10
   105.80   11.05
   105.90   11.32
   106.00   11.07
   106.10   10.78
   106.20   10.83
   106.30   10.99
   106.40   10.97
   106.50   11.02
   106.60   11.30
   106.70   11.20
   106.80   11.18
   106.90   10.90
   107.00   10.95
   107.10   10.97
   107.20   10.82
   107.30   10.93
   107.40   10.89
   107.50   11.01
   107.60   11.20
   107.70   10.67
   107.80   11.12
   107.90   11.17
   108.00   11.06
   108.10   11.14
   108.20   11.15
   108.30   11.00
   108.40   11.22
   108.50   11.53
   108.60   11.08
   108.70   11.01
   108.80   10.74
   108.90   11.42
   109.00   11.18
   109.10   11.16
   109.20   11.46
   109.30   11.70
   109.40   11.56
   109.50   11.41
   109.60   11.36
   109.70   11.19
   109.80   11.50
   109.90   11.46
   110.00   11.75
   110.10   11.53
   110.20   11.44
   110.30   11.61
   110.40   11.54
   110.50   11.57
   110.60   11.00
   110.70   11.28
   110.80   11.67
   110.90   11.18
   111.00   11.19
   111.10   10.96
   111.20   11.24
   111.30   11.62
   111.40   11.63
   111.50   11.54
   111.60   11.53
   111.70   11.58
   111.80   11.61
   111.90   11.73
   112.00   11.63
   112.10   11.81
   112.20   11.56
   112.30   11.52
   112.40   11.45
   112.50   11.12
   112.60   11.30
   112.70   11.21
   112.80   11.27
   112.90   11.57
   113.00   11.59
   113.10   12.16
   113.20   11.77
   113.30   11.98
   113.40   11.90
   113.50   11.56
   113.60   11.58
   113.70   11.86
   113.80   12.28
   113.90   12.41
   114.00   12.35
   114.10   12.11
   114.20   11.97
   114.30   11.81
   114.40   12.15
   114.50   12.12
   114.60   11.61
   114.70   11.82
   114.80   12.35
   114.90   12.21
   115.00   11.82
   115.10   11.49
   115.20   11.58
   115.30   11.66
   115.40   11.95
   115.50   12.05
   115.60   12.07
   115.70   11.46
   115.80   11.55
   115.90   11.72
   116.00   12.12
   116.10   11.94
   116.20   11.42
   116.30   11.23
   116.40   11.27
   116.50   11.07
   116.60   11.24
   116.70   11.59
   116.80   11.26
   116.90   11.45
   117.00   11.65
   117.10   11.74
   117.20   11.57
   117.30   11.36
   117.40   11.29
   117.50   11.08
   117.60   11.16
   117.70   11.01
   117.80   10.71
   117.90   10.80
   118.00   10.86
   118.10   10.72
   118.20   10.72
   118.30   10.70
   118.40   10.89
   118.50   11.22
   118.60   11.35
   118.70   11.38
   118.80   11.83
   118.90   12.01
   119.00   11.81
   119.10   11.95
   119.20   11.97
   119.30   11.84
   119.40   11.62
   119.50   11.78
   119.60   11.69
   119.70   11.56
   119.80   11.54
   119.90   11.40
   120.00   11.09
   120.10   11.03
   120.20   11.43
   120.30   11.91
   120.40   12.06
   120.50   12.16
   120.60   12.10
   120.70   12.16
   120.80   11.78
   120.90   11.54
   121.00   11.43
   121.10   11.11
   121.20   10.99
   121.30   11.12
   121.40   11.20
   121.50   11.08
   121.60   10.85
   121.70   10.80
   121.80   10.60
   121.90   10.78
   122.00   10.75
   122.10   10.41
   122.20   10.45
   122.30   10.59
   122.40   10.56
   122.50   10.30
   122.60   10.22
   122.70   10.37
   122.80   10.50
   122.90   10.70
   123.00   10.84
   123.10   11.21
   123.20   11.15
   123.30   10.76
   123.40   10.71
   123.50   10.73
   123.60   10.50
   123.70   10.68
   123.80   10.65
   123.90   10.95
   124.00   10.95
   124.10   10.78
   124.20   10.10
   124.30   10.09
   124.40   10.23
   124.50   10.17
   124.60   10.11
   124.70   10.31
   124.80   10.10
   124.90    9.97
   125.00    9.82
   125.10    9.83
   125.20   10.17
   125.30   10.51
   125.40   10.48
   125.50   10.67
   125.60   10.71
   125.70   11.07
   125.80   11.13
   125.90   10.72
   126.00   10.33
   126.10   10.35
   126.20   10.70
   126.30   10.79
   126.40   11.01
   126.50   10.80
   126.60   11.01
   126.70   11.22
   126.80   11.47
   126.90   11.42
   127.00   11.38
   127.10   11.38
   127.20   11.60
   127.30   11.15
   127.40   11.10
   127.50   11.04
   127.60   10.80
   127.70   10.57
   127.80   10.25
   127.90   10.56
   128.00   10.39
   128.10   10.26
   128.20   10.66
   128.30   10.68
   128.40   10.91
   128.50   11.28
   128.60   11.70
   128.70   11.70
   128.80   11.55
   128.90   11.60
   129.00   11.54
   129.10   11.40
   129.20   11.43
   129.30   11.30
   129.40   11.29
   129.50   11.42
   129.60   12.12
   129.70   12.06
   129.80   11.63
   129.90   11.89
   130.00   12.08
   130.10   11.89
   130.20   11.13
   130.30   11.21
   130.40   11.27
   130.50   11.23
   130.60   11.26
   130.70   11.46
   130.80   11.34
   130.90   10.80
   131.00   11.15
   131.10   11.23
   131.20   11.24
   131.30   10.94
   131.40   11.31
   131.50   11.24
   131.60   10.78
   131.70   10.92
   131.80   10.91
   131.90   11.08
   132.00   11.21
   132.10   11.02
   132.20   10.70
   132.30   10.50
   132.40   10.06
   132.50   10.52
   132.60   10.30
   132.70   10.41
   132.80   10.13
   132.90   10.12
   133.00    9.93
   133.10   10.29
   133.20   10.13
   133.30    9.41
   133.40    9.29
   133.50    9.13
   133.60    9.39
   133.70    9.24
   133.80    8.77
   133.90    8.71
   134.00    8.67
   134.10    9.34
   134.20    9.52
   134.30    9.68
   134.40    9.69
   134.50    9.22
   134.60    8.83
   134.70    8.83
   134.80    9.13
   134.90    9.05
   135.00    8.86
   135.10    8.67
   135.20    8.66
   135.30    8.09
   135.40    8.36
   135.50    8.49
   135.60    8.64
   135.70    8.91
   135.80    9.18
   135.90    9.19
   136.00    9.51
   136.10    9.84
   136.20    9.46
   136.30    9.69
   136.40    9.53
   136.50    9.59
   136.60    9.31
   136.70    9.51
   136.80    9.47
   136.90    9.33
   137.00    9.06
   137.10    8.95
   137.20    8.55
   137.30    8.36
   137.40    8.97
   137.50    8.65
   137.60    8.86
   137.70    9.31
   137.80    9.60
   137.90    9.59
   138.00    9.59
   138.10    9.46
   138.20    9.51
   138.30    9.34
   138.40    9.12
   138.50    9.16
   138.60    9.75
   138.70    9.68
   138.80    9.79
   138.90    9.93
   139.00    9.52
   139.10    9.63
   139.20    9.35
   139.30    9.48
   139.40    9.72
   139.50    9.46
   139.60    9.47
   139.70    9.64
   139.80    9.78
   139.90    9.93
   140.00    9.71
   140.10    9.95
   140.20    9.98
   140.30    9.68
   140.40    9.86
   140.50    9.88
   140.60    9.50
   140.70    9.71
   140.80    9.74
   140.90    9.54
   141.00    9.42
   141.10    9.54
   141.20    9.81
   141.30    9.70
   141.40    9.55
   141.50    9.76
   141.60    9.50
   141.70    9.93
   141.80   10.26
   141.90   10.54
   142.00   10.18
   142.10    9.65
   142.20    9.27
   142.30    9.21
   142.40    9.36
   142.50    9.28
   142.60    9.12
   142.70    9.03
   142.80    8.72
   142.90    9.01
   143.00    8.90
   143.10    9.27
   143.20    9.51
   143.30    9.49
   143.40    9.75
   143.50    9.46
   143.60    9.33
   143.70    9.33
   143.80    9.35
   143.90    9.60
   144.00    9.45
   144.10    9.72
   144.20    9.61
   144.30    9.71
   144.40    9.94
   144.50    9.70
   144.60    9.80
   144.70    9.90
   144.80   10.06
   144.90    9.78
   145.00    9.84
   145.10    9.48
   145.20    9.83
   145.30   10.02
   145.40    9.66
   145.50    9.68
   145.60    9.46
   145.70    9.11
   145.80    8.88
   145.90    8.94
   146.00    8.88
   146.10    8.88
   146.20    9.20
   146.30    9.15
   146.40    9.03
   146.50    9.26
   146.60    8.85
   146.70    9.35
   146.80    9.56
   146.90    9.53
   147.00    9.09
   147.10    8.95
   147.20    9.07
   147.30    9.09
   147.40    8.98
   147.50    9.00
   147.60    8.93
   147.70    8.92
   147.80    8.34
   147.90    8.76
   148.00    9.23
   148.10    9.16
   148.20    9.03
   148.30    9.28
   148.40    9.17
   148.50    8.55
   148.60    8.33
   148.70    8.21
   148.80    8.37
   148.90    9.16
   149.00    9.20
   149.10    9.17
   149.20    9.27
   149.30    9.63
   149.40   10.23
   149.50    9.97
   149.60   10.21
   149.70    9.94
   149.80    9.53
   149.90    9.58
   150.00    9.55
   150.10    9.85
   150.20   10.00
   150.30    9.77
   150.40    9.63
   150.50    9.67
   150.60    9.66
   150.70    9.98
   150.80    9.79
   150.90    9.73
   151.00    9.87
   151.10    9.68
   151.20    9.37
   151.30    9.14
   151.40    9.40
   151.50    9.02
   151.60    9.12
   151.70    8.84
   151.80    8.85
   151.90    8.50
   152.00    8.22
   152.10    8.45
   152.20    8.97
   152.30    9.34
   152.40    9.44
   152.50    9.70
   152.60    9.84
   152.70    9.78
   152.80    9.94
   152.90    9.74
   153.00    9.38
   153.10    9.25
   153.20    9.14
   153.30    9.13
   153.40    9.31
   153.50    9.61
   153.60    9.55
   153.70    9.08
   153.80    8.71
   153.90    8.62
   154.00    8.52
   154.10    8.46
   154.20    8.74
   154.30    8.78
   154.40    8.92
   154.50    9.32
   154.60    8.89
   154.70    9.24
   154.80    9.50
   154.90    9.02
   155.00    9.40
   155.10    9.30
   155.20    9.15
   155.30    9.18
   155.40    9.35
   155.50    9.84
   155.60   10.19
   155.70    9.86
   155.80    9.41
   155.90    9.62
   156.00    9.82
   156.10    9.62
   156.20    9.53
   156.30    9.28
   156.40    9.30
   156.50    9.19
   156.60    9.15
   156.70    9.27
   156.80    9.43
   156.90    9.54
   157.00    9.42
   157.10    9.56
   157.20    9.60
   157.30    9.83
   157.40   10.11
   157.50   10.01
   157.60   10.68
   157.70   10.85
   157.80   11.12
   157.90   10.78
   158.00   10.57
   158.10    9.85
   158.20    9.85
   158.30   10.11
   158.40    9.80
   158.50    9.65
   158.60    9.79
   158.70    9.55
   158.80    9.38
   158.90    9.86
   159.00    9.72
   159.10    9.78
   159.20    9.69
   159.30    9.82
   159.40   10.42
   159.50   10.63
   159.60   10.44
   159.70   10.29
   159.80   10.13
   159.90   10.13
   160.00   10.13
   160.10   10.15
   160.20   10.39
   160.30   10.15
   160.40   10.09
   160.50    9.84
   160.60   10.13
   160.70   10.19
   160.80   10.27
   160.90   10.42
   161.00   10.14
   161.10    9.74
   161.20    9.36
   161.30    9.47
   161.40    9.59
   161.50    9.35
   161.60    9.45
   161.70    9.61
   161.80    9.31
   161.90    9.07
   162.00    9.38
   162.10    9.44
   162.20    9.24
   162.30    9.64
   162.40    9.86
   162.50    9.81
   162.60    9.78
   162.70   10.08
   162.80    9.93
   162.90    9.93
   163.00    9.89
   163.10    9.93
   163.20   10.22
   163.30   10.21
   163.40   10.04
   163.50   10.26
   163.60   10.54
   163.70   10.25
   163.80   10.47
   163.90   10.59
   164.00   10.53
   164.10   10.75
   164.20   11.42
   164.30   11.19
   164.40   11.51
   164.50   11.11
   164.60   11.23
   164.70   11.62
   164.80   11.96
   164.90   12.07
   165.00   12.03
   165.10   11.62
   165.20   11.82
   165.30   11.71
   165.40   11.31
   165.50   11.41
   165.60   11.27
   165.70   11.64
   165.80   11.42
   165.90   11.07
   166.00   11.22
   166.10   10.80
   166.20   10.99
   166.30   11.25
   166.40   11.39
   166.50   10.88
   166.60   10.75
   166.70   10.38
   166.80   10.15
   166.90   10.54
   167.00   10.68
   167.10   10.22
   167.20   10.31
   167.30   10.80
   167.40   11.09
   167.50   10.93
   167.60   10.84
   167.70   10.79
   167.80   11.05
   167.90   10.63
   168.00   10.79
   168.10   10.43
   168.20   10.69
   168.30   10.70
   168.40   10.95
   168.50   10.92
   168.60   11.27
   168.70   11.63
   168.80   11.53
   168.90   11.33
   169.00   11.58
   169.10   11.62
   169.20   12.04
   169.30   11.98
   169.40   11.69
   169.50   11.50
   169.60   11.44
   169.70   11.52
   169.80   11.60
   169.90   11.39
   170.00   11.42
   170.10   11.03
   170.20   11.18
   170.30   10.87
   170.40   11.00
   170.50   11.26
   170.60   11.26
   170.70   10.79
   170.80   10.73
   170.90   10.89
   171.00   10.53
   171.10   10.65
   171.20   10.63
   171.30   10.86
   171.40   11.24
   171.50   10.93
   171.60   11.03
   171.70   10.97
   171.80   11.10
   171.90   10.90
   172.00   11.54
   172.10   11.74
   172.20   11.62
   172.30   11.51
   172.40   11.11
   172.50   11.10
   172.60   11.39
   172.70   11.40
   172.80   11.46
   172.90   11.23
   173.00   11.10
   173.10   11.72
   173.20   11.74
   173.30   11.36
   173.40   11.57
   173.50   12.15
   173.60   11.73
   173.70   11.61
   173.80   11.65
   173.90   11.46
   174.00   11.33
   174.10   11.07
   174.20   11.01
   174.30   10.81
   174.40   10.78
   174.50   10.53
   174.60   10.54
   174.70   10.73
   174.80   10.88
   174.90   10.85
   175.00   11.03
   175.10   10.86
   175.20   10.93
   175.30   10.70
   175.40   10.44
   175.50   10.41
   175.60   10.20
   175.70   10.40
   175.80   10.75
   175.90   10.88
   176.00   11.04
   176.10   11.06
   176.20   10.61
   176.30   10.60
   176.40   10.81
   176.50   11.01
   176.60   10.97
   176.70   10.66
   176.80   10.68
   176.90   10.58
   177.00   10.80
   177.10   10.94
   177.20   11.02
   177.30   11.03
   177.40   11.10
   177.50   10.83
   177.60   10.77
   177.70   11.02
   177.80   10.99
   177.90   11.44
   178.00   11.48
   178.10   11.20
   178.20   11.05
   178.30   10.50
   178.40   10.17
   178.50   10.52
   178.60   10.66
   178.70   10.49
   178.80   10.54
   178.90   10.91
   179.00   10.80
   179.10   11.19
   179.20   10.84
   179.30   10.91
   179.40   11.17
   179.50   10.28
   179.60   10.46
   179.70   10.30
   179.80   10.44
   179.90   10.11
   180.00    9.67
   180.10    9.35
   180.20    9.46
   180.30    9.49
   180.40    9.38
   180.50    9.59
   180.60    9.98
   180.70   10.07
   180.80    9.80
   180.90    9.52
   181.00    9.17
   181.10    9.39
   181.20    8.94
   181.30    9.40
   181.40    9.18
   181.50    9.07
   181.60    8.91
   181.70    9.31
   181.80    9.02
   181.90    8.91
   182.00    8.93
   182.10    8.63
   182.20    8.70
   182.30    8.60
   182.40    8.98
   182.50    8.85
   182.60    9.18
   182.70    9.31
   182.80    9.13
   182.90    8.80
   183.00    9.31
   183.10    9.33
   183.20    9.12
   183.30    9.16
   183.40    8.86
   183.50    8.83
   183.60    8.97
   183.70    8.80
   183.80    8.77
   183.90    8.83
   184.00    8.91
   184.10    9.17
   184.20    9.16
   184.30    9.12
   184.40    9.05
   184.50    9.34
   184.60    9.20
   184.70    9.51
   184.80    9.57
   184.90    9.85
   185.00    9.45
   185.10    9.58
   185.20    9.62
   185.30    9.24
   185.40    9.32
   185.50    9.18
   185.60    9.12
   185.70    9.12
   185.80    9.05
   185.90    8.50
   186.00    8.49
   186.10    8.63
   186.20    8.11
   186.30    8.27
   186.40    8.54
   186.50    9.08
   186.60    8.52
   186.70    8.53
   186.80    8.66
   186.90    8.89
   187.00    8.78
   187.10    8.66
   187.20    8.61
   187.30    8.75
   187.40    9.05
   187.50    8.99
   187.60    8.53
   187.70    9.28
   187.80    9.66
   187.90    9.82
   188.00    9.69
   188.10    9.80
   188.20    9.69
   188.30    9.96
   188.40   10.04
   188.50    9.99
   188.60    9.76
   188.70    9.63
   188.80    9.92
   188.90   10.44
   189.00   10.20
   189.10   10.19
   189.20   10.11
   189.30    9.48
   189.40    9.15
   189.50    9.25
   189.60    9.61
   189.70    9.25
   189.80    9.53
   189.90    9.35
   190.00    9.41
   190.10    9.27
   190.20    9.88
   190.30    9.79
   190.40    9.82
   190.50   10.16
   190.60   10.11
   190.70   10.18
   190.80   10.05
   190.90   10.04
   191.00    9.65
   191.10    9.26
   191.20    9.76
   191.30    9.75
   191.40    9.72
   191.50   10.07
   191.60   10.19
   191.70    9.64
   191.80    9.79
   191.90    9.78
   192.00   10.08
   192.10    9.99
   192.20    9.97
   192.30    9.74
   192.40    9.16
   192.50    9.56
   192.60    9.39
   192.70    9.32
   192.80    9.35
   192.90    9.51
   193.00   10.00
   193.10   10.41
   193.20   10.21
   193.30   10.09
   193.40    9.71
   193.50    9.66
   193.60    9.28
   193.70    9.31
   193.80    9.84
   193.90    9.79
   194.00    9.93
   194.10    9.90
   194.20    9.83
   194.30    9.87
   194.40   10.24
   194.50   10.18
   194.60   10.02
   194.70    9.74
   194.80    9.68
   194.90    9.82
   195.00    9.68
   195.10    9.82
   195.20    9.98
   195.30    9.30
   195.40    9.55
   195.50    9.77
   195.60    9.51
   195.70    9.25
   195.80    9.75
   195.90    9.67
   196.00    9.71
   196.10    9.51
   196.20    9.97
   196.30   10.51
   196.40   10.46
   196.50    9.95
   196.60   10.30
   196.70   10.53
   196.80   10.52
   196.90   11.04
   197.00   11.27
   197.10   11.23
   197.20   11.19
   197.30   10.92
   197.40   10.95
   197.50   10.66
   197.60   10.71
   197.70   10.80
   197.80   10.62
   197.90   10.46
   198.00   10.61
   198.10   10.76
   198.20   10.82
   198.30   10.86
   198.40   11.09
   198.50   11.25
   198.60   10.97
   198.70   10.90
   198.80   10.79
   198.90   10.74
   199.00   11.18
   199.10   10.76
   199.20   10.67
   199.30   11.21
   199.40   11.36
   199.50   11.27
   199.60   11.07
   199.70   10.83
   199.80   11.06
   199.90   11.27
   200.00   10.83
   200.10   10.54
   200.20    9.97
   200.30   10.01
   200.40   10.20
   200.50   10.11
   200.60   10.05
   200.70   10.18
   200.80   10.09
   200.90   10.15
   201.00   10.27
   201.10   10.56
   201.20   10.56
   201.30   10.56
   201.40    9.83
   201.50    9.94
   201.60   10.32
   201.70   10.58
   201.80   10.37
   201.90   10.84
   202.00   10.33
   202.10   10.27
   202.20    9.77
   202.30    9.82
   202.40   10.06
   202.50   10.03
   202.60   10.14
   202.70   10.06
   202.80   10.10
   202.90    9.81
   203.00    9.62
   203.10   10.10
   203.20   10.02
   203.30    9.84
   203.40   10.15
   203.50   10.20
   203.60   10.24
   203.70   10.39
   203.80    9.95
   203.90    9.68
   204.00    9.71
   204.10    9.42
   204.20    9.05
   204.30    9.46
   204.40    9.91
   204.50    9.68
   204.60    9.70
   204.70   10.24
   204.80   10.15
   204.90    9.95
   205.00   10.32
   205.10   10.27
   205.20   10.26
   205.30   10.14
   205.40    9.96
   205.50    9.99
   205.60   10.24
   205.70   10.15
   205.80   10.04
   205.90   10.08
   206.00    9.64
   206.10    9.95
   206.20   10.52
   206.30   10.44
   206.40   10.03
   206.50    9.78
   206.60    9.76
   206.70   10.14
   206.80   10.00
   206.90    9.81
   207.00    9.90
   207.10   10.00
   207.20    9.61
   207.30    9.65
   207.40    9.83
   207.50    9.58
   207.60    9.22
   207.70    9.38
   207.80    8.91
   207.90    8.88
   208.00    8.92
   208.10    9.21
   208.20    9.17
   208.30    9.20
   208.40    9.55
   208.50    9.68
   208.60   10.04
   208.70   10.20
   208.80   10.11
   208.90   10.41
   209.00   10.43
   209.10   10.82
   209.20   10.90
   209.30   11.16
   209.40   11.04
   209.50   10.30
   209.60   10.47
   209.70   10.66
   209.80   10.64
   209.90   10.48
   210.00   10.33
   210.10   10.30
   210.20   10.32
   210.30    9.73
   210.40    9.65
   210.50    9.56
   210.60    9.75
   210.70    9.51
   210.80    9.66
   210.90    9.71
   211.00   10.06
   211.10   10.18
   211.20    9.86
   211.30   10.54
   211.40   10.51
   211.50   10.95
   211.60   10.91
   211.70   11.00
   211.80   11.61
   211.90   11.09
   212.00   11.15
   212.10   10.93
   212.20   11.08
   212.30   10.94
   212.40   10.74
   212.50   10.79
   212.60   10.46
   212.70   10.60
   212.80   10.37
   212.90   10.78
   213.00   11.09
   213.10   11.24
   213.20   11.59
   213.30   11.35
   213.40   11.10
   213.50   10.76
   213.60   10.77
   213.70   10.79
   213.80   10.95
   213.90   10.72
   214.00   10.82
   214.10   10.72
   214.20   10.37
   214.30   10.61
   214.40   10.33
   214.50   10.64
   214.60   10.83
   214.70   10.64
   214.80   11.07
   214.90   10.94
   215.00   10.73
   215.10   11.09
   215.20   11.25
   215.30   11.45
   215.40   11.60
   215.50   11.80
   215.60   11.53
   215.70   11.50
   215.80   11.36
   215.90   10.79
   216.00   11.01
   216.10   11.11
   216.20   11.24
   216.30   11.21
   216.40   11.23
   216.50   11.19
   216.60   11.24
   216.70   11.82
   216.80   11.57
   216.90   12.07
   217.00   12.01
   217.10   11.88
   217.20   11.75
   217.30   11.90
   217.40   11.71
   217.50   11.62
   217.60   11.86
   217.70   11.43
   217.80   11.10
   217.90   11.26
   218.00   11.09
   218.10   10.91
   218.20   10.96
   218.30   11.18
   218.40   10.62
   218.50   10.80
   218.60   10.88
   218.70   11.31
   218.80   11.28
   218.90   11.27
   219.00   11.15
   219.10   11.15
   219.20   11.44
   219.30   11.19
   219.40   11.08
   219.50   11.06
   219.60   10.98
   219.70   10.67
   219.80   10.64
   219.90   10.75
   220.00   10.74
   220.10   10.78
   220.20   10.93
   220.30   11.11
   220.40   11.11
   220.50   11.11
   220.60   10.71
   220.70   10.72
   220.80   10.48
   220.90   10.96
   221.00   11.10
   221.10   11.10
   221.20   11.36
   221.30   11.37
   221.40   11.57
   221.50   11.11
   221.60   11.21
   221.70   11.16
   221.80   11.76
   221.90   11.79
   222.00   11.93
   222.10   11.87
   222.20   11.65
   222.30   11.57
   222.40   11.97
   222.50   11.98
   222.60   11.67
   222.70   11.62
   222.80   11.83
   222.90   11.81
   223.00   11.82
   223.10   11.74
   223.20   12.15
   223.30   12.10
   223.40   11.85
   223.50   12.01
   223.60   12.67
   223.70   12.63
   223.80   12.59
   223.90   12.55
   224.00   12.24
   224.10   11.94
   224.20   11.68
   224.30   11.52
   224.40   11.53
   224.50   11.87
   224.60   11.82
   224.70   11.95
   224.80   12.15
   224.90   12.07
   225.00   11.98
   225.10   11.85
   225.20   11.56
   225.30   11.89
   225.40   11.82
   225.50   11.70
   225.60   11.46
   225.70   10.84
   225.80   10.35
   225.90   10.37
   226.00   10.18
   226.10   10.19
   226.20   10.50
   226.30   10.75
   226.40   10.65
   226.50   10.36
   226.60   10.45
   226.70   10.73
   226.80   10.61
   226.90   10.42
   227.00   10.81
   227.10   10.84
   227.20   10.81
   227.30   10.89
   227.40   10.96
   227.50   10.39
   227.60   10.75
   227.70   10.81
   227.80   10.92
   227.90   10.82
   228.00   10.53
   228.10   10.81
   228.20   10.26
   228.30    9.82
   228.40    9.48
   228.50    9.41
   228.60    9.26
   228.70    9.12
   228.80    9.27
   228.90    9.57
   229.00    9.48
   229.10   10.25
   229.20   10.48
   229.30   10.03
   229.40   10.11
   229.50   10.26
   229.60    9.82
   229.70    9.78
   229.80   10.14
   229.90   10.25
   230.00   10.44
   230.10   10.54
   230.20   10.40
   230.30   10.50
   230.40   10.67
   230.50   10.99
   230.60   10.75
   230.70   10.75
   230.80   10.52
   230.90   10.34
   231.00   10.96
   231.10   11.22
   231.20   11.39
   231.30   11.27
   231.40   11.15
   231.50   11.10
   231.60   10.79
   231.70   10.86
   231.80   10.98
   231.90   11.07
   232.00   11.13
   232.10   11.00
   232.20   10.76
   232.30   10.55
   232.40   10.27
   232.50    9.88
   232.60   10.25
   232.70   10.02
   232.80    9.56
   232.90    9.87
   233.00   10.19
   233.10   10.07
   233.20    9.97
   233.30    9.56
   233.40    9.75
   233.50   10.22
   233.60   10.05
   233.70    9.97
   233.80   10.19
   233.90   10.14
   234.00    9.78
   234.10   10.34
   234.20   10.02
   234.30    9.69
   234.40    9.85
   234.50    9.88
   234.60    9.83
   234.70    9.86
   234.80   10.27
   234.90   10.75
   235.00   10.68
   235.10   10.92
   235.20   10.54
   235.30   10.36
   235.40   10.19
   235.50    9.72
   235.60    9.90
   235.70    9.74
   235.80   10.16
   235.90   10.32
   236.00   10.34
   236.10   10.33
   236.20   10.60
   236.30   10.95
   236.40   11.22
   236.50   10.87
   236.60   10.72
   236.70   10.69
   236.80   10.12
   236.90   10.02
   237.00    9.78
   237.10    9.85
   237.20    9.91
   237.30    9.64
   237.40    9.53
   237.50    9.86
   237.60    9.77
   237.70    9.66
   237.80    9.44
   237.90    8.76
   238.00    8.82
   238.10    8.77
   238.20    8.73
   238.30    8.72
   238.40    9.02
   238.50    9.18
   238.60    9.22
   238.70    9.79
   238.80    9.79
   238.90    9.77
   239.00    9.51
   239.10    9.79
   239.20    9.97
   239.30   10.18
   239.40   10.10
   239.50   10.36
   239.60   10.36
   239.70   10.43
   239.80   10.06
   239.90   10.46
   240.00   10.58
   240.10   10.55
   240.20   10.53
   240.30   10.88
   240.40   10.60
   240.50   10.71
   240.60   10.74
   240.70   10.96
   240.80   11.25
   240.90   10.82
   241.00   10.68
   241.10   10.80
   241.20   10.73
   241.30   10.59
   241.40   10.39
   241.50   10.57
   241.60   10.87
   241.70   10.94
   241.80   10.73
   241.90   11.07
   242.00   11.63
   242.10   11.91
   242.20   11.83
   242.30   11.57
   242.40   11.10
   242.50   11.43
   242.60   11.80
   242.70   12.00
   242.80   11.92
   242.90   11.73
   243.00   11.54
   243.10   11.75
   243.20   11.54
   243.30   11.59
   243.40   11.62
   243.50   11.85
   243.60   11.78
   243.70   11.61
   243.80   11.44
   243.90   11.73
   244.00   11.93
   244.10   12.23
   244.20   12.28
   244.30   12.32
   244.40   12.50
   244.50   12.49
   244.60   12.27
   244.70   11.74
   244.80   11.25
   244.90   10.75
   245.00   11.17
   245.10   11.33
   245.20   11.40
   245.30   11.39
   245.40   11.83
   245.50   11.38
   245.60   10.99
   245.70   10.67
   245.80   10.49
   245.90   10.64
   246.00   10.86
   246.10   10.76
   246.20   11.04
   246.30   11.31
   246.40   11.78
   246.50   11.42
   246.60   10.98
   246.70   10.83
   246.80   10.53
   246.90   10.74
   247.00   10.59
   247.10   10.83
   247.20   11.01
   247.30   10.61
   247.40   10.37
   247.50   10.29
   247.60   10.23
   247.70   10.81
   247.80   10.76
   247.90   10.74
   248.00   10.74
   248.10   10.43
   248.20   10.69
   248.30   10.80
   248.40   10.69
   248.50   10.95
   248.60   11.14
   248.70   11.19
   248.80   11.36
   248.90   11.37
   249.00   11.44
   249.10   11.30
   249.20   11.23
   249.30   10.97
   249.40   11.50
   249.50   12.05
   249.60   11.58
   249.70   11.42
   249.80   11.51
   249.90   11.49
   250.00   11.46
   250.10   11.30
   250.20   11.09
   250.30   11.11
   250.40   11.18
   250.50   11.18
   250.60   10.87
   250.70   10.43
   250.80    9.92
   250.90   10.08
   251.00    9.94
   251.10   10.02
   251.20   10.10
   251.30   10.21
   251.40   10.33
   251.50   10.32
   251.60   10.05
   251.70   10.29
   251.80   10.41
   251.90    9.95
   252.00    9.64
   252.10    9.61
   252.20    9.99
   252.30   10.37
   252.40   10.63
   252.50   10.95
   252.60   10.80
   252.70   10.72
   252.80   10.94
   252.90   11.45
   253.00   11.40
   253.10   11.32
   253.20   11.20
   253.30   11.27
   253.40   11.52
   253.50   11.66
   253.60   11.83
   253.70   12.01
   253.80   12.07
   253.90   12.29
   254.00   11.97
   254.10   11.73
   254.20   11.69
   254.30   11.24
   254.40   10.96
   254.50   10.99
   254.60   11.24
   254.70   11.19
   254.80   10.76
   254.90   10.65
   255.00   10.64
   255.10   10.66
   255.20   10.75
   255.30   10.44
   255.40   10.06
   255.50    9.90
   255.60    9.82
   255.70   10.04
   255.80    9.30
   255.90    9.35
   256.00    9.95
   256.10    9.90
   256.20    9.97
   256.30    9.80
   256.40    9.78
   256.50   10.04
   256.60   10.06
   256.70   10.16
   256.80    9.87
   256.90    9.91
   257.00    9.88
   257.10    9.61
   257.20    9.57
   257.30    9.89
   257.40   10.12
   257.50    9.75
   257.60    9.52
   257.70    9.08
   257.80    9.12
   257.90    9.47
   258.00    9.35
   258.10    9.17
   258.20    9.07
   258.30    9.36
   258.40    9.59
   258.50    9.56
   258.60    9.31
   258.70    9.29
   258.80    9.54
   258.90    9.45
   259.00    8.99
   259.10    9.48
   259.20    9.48
   259.30    9.54
   259.40    9.74
   259.50    9.85
   259.60    9.98
   259.70   10.29
   259.80    9.84
   259.90    9.89
   260.00    9.78
   260.10    9.93
   260.20   10.34
   260.30   10.28
   260.40   10.35
   260.50   10.51
   260.60   10.35
   260.70   10.01
   260.80    9.54
   260.90    9.76
   261.00    9.90
   261.10   10.02
   261.20   10.04
   261.30   10.10
   261.40   10.18
   261.50   10.40
   261.60   10.08
   261.70    9.94
   261.80    9.76
   261.90    9.55
   262.00    9.60
   262.10    9.87
   262.20   10.29
   262.30   10.37
   262.40   10.15
   262.50    9.72
   262.60    9.27
   262.70    9.07
   262.80    9.38
   262.90    9.82
   263.00    9.91
   263.10    9.99
   263.20   10.05
   263.30    9.85
   263.40    9.73
   263.50    9.60
   263.60    9.45
   263.70    9.12
   263.80    8.80
   263.90    9.12
   264.00    9.34
   264.10    9.14
   264.20    8.94
   264.30    9.28
   264.40    9.27
   264.50    9.12
   264.60    9.45
   264.70    9.64
   264.80    9.66
   264.90    9.69
   265.00    9.69
   265.10    9.49
   265.20    9.43
   265.30    9.41
   265.40    9.17
   265.50    9.19
   265.60    9.29
   265.70    9.46
   265.80    9.62
   265.90    9.43
   266.00    9.47
   266.10    9.81
   266.20   10.07
   266.30    9.77
   266.40    9.77
   266.50    9.85
   266.60    9.62
   266.70    9.61
   266.80    9.85
   266.90    9.89
   267.00    9.49
   267.10    9.07
   267.20    8.79
   267.30    9.05
   267.40    9.08
   267.50    8.99
   267.60    8.88
   267.70    9.31
   267.80    9.43
   267.90    9.10
   268.00    8.83
   268.10    9.09
   268.20    9.26
   268.30    9.12
   268.40    9.12
   268.50    9.42
   268.60    8.88
   268.70    8.80
   268.80    8.92
   268.90    8.77
   269.00    8.96
   269.10    8.97
   269.20    8.58
   269.30    8.40
   269.40    8.84
   269.50    8.98
   269.60    8.59
   269.70    8.41
   269.80    8.46
   269.90    8.61
   270.00    8.85
   270.10    8.96
   270.20    8.63
   270.30    8.99
   270.40    8.87
   270.50    8.76
   270.60    8.81
   270.70    8.68
   270.80    8.96
   270.90    8.87
   271.00    8.70
   271.10    9.25
   271.20    9.14
   271.30    9.16
   271.40    9.28
   271.50    9.50
   271.60    8.97
   271.70    9.13
   271.80    8.51
   271.90    9.03
   272.00    9.47
   272.10    9.15
   272.20    8.94
   272.30    9.28
   272.40    9.49
   272.50    9.07
   272.60    8.85
   272.70    8.61
   272.80    8.58
   272.90    8.70
   273.00    9.06
   273.10    8.94
   273.20    8.75
   273.30    8.56
   273.40    8.60
   273.50    8.63
   273.60    8.73
   273.70    8.66
   273.80    8.99
   273.90    9.33
   274.00    9.32
   274.10    9.17
   274.20    8.99
   274.30    8.87
   274.40    8.89
   274.50    9.17
   274.60    9.41
   274.70    9.39
   274.80    9.57
   274.90    9.42
   275.00    9.84
   275.10   10.52
   275.20   10.90
   275.30   10.96
   275.40   10.86
   275.50   10.32
   275.60   10.00
   275.70   10.28
   275.80    9.79
   275.90   10.01
   276.00    9.90
   276.10    9.86
   276.20    9.92
   276.30    9.95
   276.40    9.74
   276.50    9.83
   276.60    9.45
   276.70    9.09
   276.80    8.92
   276.90    9.26
   277.00    9.12
   277.10    9.50
   277.20    9.93
   277.30    9.89
   277.40   10.19
   277.50   10.02
   277.60    9.38
   277.70    9.54
   277.80    9.70
   277.90    9.56
   278.00    9.66
   278.10    9.73
   278.20    9.98
   278.30    9.99
   278.40   10.21
   278.50   10.15
   278.60   10.12
   278.70   10.09
   278.80    9.99
   278.90    9.89
   279.00   10.18
   279.10    9.79
   279.20    9.60
   279.30    9.24
   279.40    9.13
   279.50    8.76
   279.60    9.23
   279.70    9.62
   279.80    9.45
   279.90    9.54
   280.00    9.05
   280.10    8.78
   280.20    8.72
   280.30    9.05
   280.40    8.78
   280.50    8.08
   280.60    8.33
   280.70    8.27
   280.80    8.35
   280.90    8.40
   281.00    8.54
   281.10    8.73
   281.20    8.84
   281.30    8.71
   281.40    8.86
   281.50    8.71
   281.60    8.83
   281.70    8.59
   281.80    8.94
   281.90    8.99
   282.00    8.74
   282.10    8.78
   282.20    8.72
   282.30    8.66
   282.40    8.04
   282.50    7.81
   282.60    8.08
   282.70    8.46
   282.80    8.85
   282.90    8.77
   283.00    8.62
   283.10    8.78
   283.20    8.57
   283.30    8.29
   283.40    8.59
   283.50    8.79
   283.60    9.01
   283.70    8.53
   283.80    8.86
   283.90    9.21
   284.00    8.97
   284.10    9.19
   284.20    9.60
   284.30    9.61
   284.40    9.88
   284.50    9.96
   284.60    9.93
   284.70    9.97
   284.80    9.79
   284.90    9.15
   285.00    9.63
   285.10    9.72
   285.20    9.76
   285.30    9.56
   285.40    9.28
   285.50    9.25
   285.60    9.29
   285.70    9.00
   285.80    9.16
   285.90    9.22
   286.00    9.01
   286.10    9.18
   286.20    9.14
   286.30    9.05
   286.40    8.79
   286.50    8.99
   286.60    8.85
   286.70    8.39
   286.80    8.51
   286.90    8.49
   287.00    8.14
   287.10    8.23
   287.20    8.37
   287.30    8.65
   287.40    8.52
   287.50    8.30
   287.60    8.02
   287.70    8.18
   287.80    8.28
   287.90    8.49
   288.00    8.43
   288.10    8.29
   288.20    8.56
   288.30    8.62
   288.40    8.56
   288.50    8.65
   288.60    8.65
   288.70    9.08
   288.80    8.92
   288.90    8.91
   289.00    8.60
   289.10    8.87
   289.20    8.67
   289.30    8.80
   289.40    8.82
   289.50    9.04
   289.60    9.01
   289.70    9.25
   289.80    9.21
   289.90    9.06
   290.00    9.26
   290.10    9.19
   290.20    8.72
   290.30    8.01
   290.40    8.37
   290.50    8.59
   290.60    8.82
   290.70    9.15
   290.80    9.76
   290.90    9.90
   291.00    9.60
   291.10    9.55
   291.20    9.40
   291.30    9.36
   291.40    9.62
   291.50    9.91
   291.60   10.02
   291.70   10.14
   291.80   10.28
   291.90    9.83
   292.00    9.40
   292.10    9.42
   292.20    9.27
   292.30    8.69
   292.40    8.58
   292.50    8.55
   292.60    8.90
   292.70    9.33
   292.80    9.51
   292.90    9.22
   293.00    9.49
   293.10    9.07
   293.20    8.83
   293.30    8.50
   293.40    8.14
   293.50    7.47
   293.60    7.59
   293.70    7.58
   293.80    7.77
   293.90    7.87
   294.00    7.74
   294.10    8.08
   294.20    8.20
   294.30    7.87
   294.40    8.07
   294.50    7.90
   294.60    8.31
   294.70    8.48
   294.80    8.63
   294.90    9.05
   295.00    9.35
   295.10    9.35
   295.20    9.28
   295.30    9.10
   295.40    9.06
   295.50    9.14
   295.60    8.90
   295.70    8.92
   295.80    9.05
   295.90    9.27
   296.00    8.60
   296.10    8.71
   296.20    9.02
   296.30    8.73
   296.40    8.36
   296.50    8.62
   296.60    8.63
   296.70    8.52
   296.80    8.46
   296.90    8.18
   297.00    7.76
   297.10    7.96
   297.20    8.04
   297.30    8.39
   297.40    8.30
   297.50    8.02
   297.60    8.38
   297.70    8.19
   297.80    8.85
   297.90    8.26
   298.00    8.45
   298.10    8.61
   298.20    8.60
   298.30    8.79
   298.40    8.79
   298.50    8.92
   298.60    8.97
   298.70    9.01
   298.80    8.88
   298.90    8.61
   299.00    8.42
   299.10    9.00
   299.20    9.21
   299.30    8.70
   299.40    8.52
   299.50    8.64
   299.60    8.94
   299.70    8.88
   299.80    8.96
   299.90    9.24
