1.50000 13.308 3.542 1.3667 1 
2.86670 13.308 3.542 2.7333 1 
5.60000 13.308 3.854 2.7333 1 
8.33330 13.308 4.167 2.7333 2 
11.7500 13.308 4.557 4.1000 3
15.8500 11.480 4.652 4.1000 4 
19.9500 10.162 4.458 4.1000 4 
24.0500 9.0110 4.249 4.1000 5 
28.1500 7.7950 4.007 4.1000 6 
32.2500 6.5440 3.748 4.1000 6 
36.3500 5.3610 3.502 4.1000 7 
40.4500 4.1880 3.256 4.1000 7 
44.5500 3.1250 3.010 4.1000 8 
48.6500 2.3190 2.764 4.1000 8 
52.7500 1.5260 2.518 4.1000 8 
56.1667 0.8630 2.313 2.7333 8 
58.9000 0.3700 2.086 2.7333 8 
61.6333 0.1060 1.419 2.7333 8 
63.0000 0.0000 0.500 0.0000 8