4.0 2.581 6.000 0.286 0.923 280.2
5.0 1.800 6.000 0.418 0.919 799.1
6.0 0.789 6.000 0.464 0.904 1532.7
7.0 0.000 6.000 0.478 0.858 2506.1
8.0 0.000 6.423 0.476 0.814 3730.7
9.0 0.000 7.225 0.476 0.814 5311.8
10.0 0.000 8.029 0.476 0.814 7286.5
11.0 0.000 8.837 0.476 0.814 9698.3
12.0 4.507 9.600 0.402 0.577 10639.1
13.0 7.088 9.600 0.317 0.419 10648.5
14.0 8.991 9.600 0.253 0.323 10639.3
15.0 10.598 9.600 0.207 0.259 10683.7
16.0 12.042 9.600 0.170 0.211 10642.0
17.0 13.376 9.600 0.142 0.175 10640.0
18.0 14.630 9.600 0.119 0.148 10639.9
19.0 15.824 9.600 0.102 0.126 10652.8
20.0 16.968 9.600 0.087 0.109 10646.2
21.0 18.071 9.600 0.075 0.095 10644.0
22.0 19.141 9.600 0.065 0.084 10641.2
23.0 20.181 9.600 0.057 0.074 10639.5
24.0 21.192 9.600 0.050 0.066 10643.6
25.0 22.175 9.600 0.044 0.059 10635.7